000000000000000000
100001100000010000
100000011010010000
000100000000000000
100000011000100000
100001101110001000
100000011000100000
100001101110001000
100000011000100000
100001101110001000
100000011000100000
000100000000010100
100000011000100000
100001101110001000
100000011000100000
100001101110001000
100000011000100000
100001101110001000
100000011000100000
000100000000101000
100000011000100000
100001101110001000
100000011000100000
100001101110001000
100000011000100000
100001101110001000
100000011000100000
000100000000111100
100000011000100000
100001101110001000
100000011000100000
100001101110001000
100000011000100000
100001101110001000
100000011000100000
000100000001010000
100000011000100000
100001101110001000
100000011000100000
100001101110001000
100000011000100000
100001101110001000
100000011000100000
000100000001100100
100000011000100000
100001101110001000
100000011000100000
100001101110001000
100000011000100000
100001101110001000
100000011000100000
000100000001111000
100000011000100000
100001101110001000
100000011000100000
100001101110001000
100000011000100000
100001101110001000
100000011000100000
000100000010001100
100000011000100000
000100000010100000
100000011000100000
000100000010110100
100000011000100000
000100000011001000
100000011000100000
000100000011011100
100000011000100000
000100000011110000
100000011000100000
000100000100000100
100000011000100000
000100000100011000
100000011000100000
000100000100101100
100000011000100000
000100000101000000
100000011000100000
000100000101010100
100000011000100000
000100000101101000
100000011000100000
100001101110001000
100000011000100000
100001101110001000
100000011000100000
100001101110001000
100000011000100000
000100000101111100
100000011000100000
100001101110001000
100000011000100000
100001101110001000
100000011000100000
100001101110001000
100000011000100000
000100000110010000
100000011000100000
100001101110001000
100000011000100000
100001101110001000
100000011000100000
100001101110001000
100000011000100000
000100000110100100
100000011000100000
100001101110001000
100000011000100000
100001101110001000
100000011000100000
100001101110001000
100000011000100000
000100000110111000
100000011000100000
100001101110001000
100000011000100000
100001101110001000
100000011000100000
100001101110001000
100000011000100000
000100000111001100
100000011000100000
100001101110001000
100000011000100000
100001101110001000
100000011000100000
100001101110001000
100000011000100000
000100000111100000
100000011000100000
100001101110001000
100000011000100000
100001101110001000
100000011000100000
100001101110001000
100000011000100000
000100000111110100
100000011000100000
100001101110001000
100000011000100000
100001101110001000
100000011000100000
100001101110001000
100000011000100000
000100001000001000
100000011000100000
100001101110001000
100000011000100000
100001101110001000
100000011000100000
100001101110001000
100000011000100000
000100001000011100
100000011000100000
000100001000110000
100000011000100000
000100001001000100
100000011000100000
000100001001011000
100000011000100000
000100001001101100
100000011000100000
000100001010000000
100000011000100000
000100001010010100
100000011000100000
000100001010101000
100000011000100000
000100001010111100
100000011000100000
000100001011010000
100000011000100000
000100001011100100
100000011000100000
000100001011111000
100000011000100000
000100001100001100
100000011000100000
000100001100100000
100000011000100000
000100001100110100
100000011000100000
000100001101001000
100000011000100000
000100001101011100
100000011000100000
